2.235540535
2.221104876
2.22335602
2.226267501
2.25919519
2.260382105
2.294526309
2.293815971
2.272801978
2.29906177
2.303133426
2.281205392
2.307547471
2.285979417
2.313863363
2.290668165
2.319343661
2.297656543
2.327942461
2.33079733
2.302706887
2.304142331
2.308032363
2.334749571
2.339749083
2.338880302
2.339150625
2.313914409
2.345297083
2.342766397
2.348447649
2.321846559
2.322575827
2.324383325
2.351957997
2.326580795
2.35599075
2.360485964
2.360244839
2.365088744
2.337145492
2.342857338
2.371040222
2.374540601
2.349344513
2.353354088
2.356060266
2.357436353
2.387898424
2.360157592
2.364924867
2.393035701
2.396614494
2.368417201
2.394691495
2.40011112
2.401975011
2.402537228
2.379081959
2.382578784
2.404893456
2.401379736
2.411444101
2.391854685
2.390874612
2.395949542
2.423087633
2.398591948
2.40003814
2.40343376
2.432125703
2.436224847
2.40976287
2.410507974
2.413705008
2.790670938
2.895788158
5.909369965
5.957156771
6.057383006
6.090084136
6.150362727
6.163068085
6.172164859
6.20497972
6.214036712
6.224129504
6.273215619
6.309832461
6.301062405
6.300907215
6.367476107
6.398112331
6.371264307
6.401130325
6.378338668
6.405639861
6.406783187
6.408038435
6.384055019
6.410883081
6.41309553
6.388417379
6.390171105
6.419813288
6.393612114
6.419840232
6.422446937
6.412837974
6.421858954
6.426348007
6.403861568
6.405087658
6.405310848
6.435149528
6.436833727
6.409740126
6.43631349
6.438154743
6.430187461
6.441714426
6.418469419
6.445926015
6.447983769
6.451212162
6.425827199
6.453318185
6.430121063
6.428676158
6.43097864
6.454797164
6.453625351
6.432006916
6.436513591
6.462475901
6.465090357
6.439873871
6.467744785
6.468655745
6.458451987
6.445628306
6.473769539
6.448333716
6.452235456
6.476972581
6.450828034
6.453958943
6.479968186
6.471924654
6.574311011
6.588120099
6.562841646
6.564833091
7.188985335
7.471305793
7.459376743
7.488146648
7.652552334
7.73372442
7.761463287
7.752248899
7.765981443
7.769915571
7.772723549
7.772308014
7.771965493
7.791425061
7.803988288
7.8037827
7.83084268
8.023953185
8.031482663
8.048186696
8.07726334
8.088471349
8.09201377
8.139608706
8.164305126
8.166887967
8.168447415
8.180748879
8.180682208
8.240443557
8.242676784
8.235839925
8.249740518
8.252920918
8.250876299
8.279504604
8.279444363
8.399507545
8.405248828
8.417351947
8.406429161
8.424276332
8.422957876
8.431926824
8.42918421
8.436615105
8.492808576
8.502080585
8.496099339
8.498428662
8.498129791
8.484360991
8.500492401
8.504429826
8.507589897
8.494994949
8.513297777
8.51947128
8.518860865
8.526181471
8.524774895
8.526543321
8.51175479
8.561362783
8.549506156
8.570854855
8.574429823
8.575147022
8.581370871
8.578781336
8.58881055
8.590211882
8.604392625
8.590532051
8.592227795
8.601957065
8.608057603
8.600634887
8.598304739
8.615969397
8.6048281
8.591233315
8.607866215
8.609288257
8.596462491
8.611182018
8.614821239
8.625101643
8.615666363
8.605417319
8.634589647
8.608526577
8.610974012
8.63606514
8.626383008
8.615122114
8.63258561
8.629451098
8.618340811
8.6341168
8.64820437
8.659724066
8.670937905
8.754199376
8.752495834
8.760649359
9.127992106
9.383668743
9.380790423
9.491939531
9.514561912
9.729558355
9.826729897
9.862378251
9.90152907
9.902548251
9.894941907
9.883180076
9.946973982
9.958361651
9.95683909
9.958127503
9.975880457
9.982558849
9.998852784
9.984434637
10.007149743
10.007254358
10.023399018
10.06520168
10.06910552
10.084681499
10.097885455
10.10392593
10.104773229
10.095539542
10.123688916
10.124600856
10.1475981
10.1361366
10.136520824
10.161183275
10.165697469
10.164584313
10.158702301
10.146766564
10.174049103
10.171859466
10.228989153
10.233950661
10.21439683
10.233467535
10.232854406
10.244811085
10.248203655
10.234186901
10.272343851
10.255187176
10.281292376
10.255810578
10.260641398
10.277649116
10.290708399
10.268930115
10.298888459
10.297577051
10.301699992
10.328867305
10.302969655
10.332983359
10.306960007
10.335567567
10.337143734
10.316488893
10.335663224
10.341998529
10.338345387
10.336787299
10.347221991
10.345390922
10.35674148
10.347785247
10.354986737
10.362163124
10.358827798
10.371212917
10.365368713
10.37769589
10.375463921
10.356164058
10.360792373
10.389783201
10.379419262
10.396624392
10.39052716
10.40008125
10.390388447
10.401698748
10.402335086
10.39869506
10.399059369
10.411341508
10.387554109
10.395043924
10.394157543
10.393416126
10.395658212
10.413478178
10.42445381
10.415161176
10.416922721
10.418775921
10.429101341
10.432618915
10.422830729
10.434320327
10.410473496
10.436853607
10.416601567
10.414031734
10.440625693
10.440805275
10.447432075
10.446724816
10.43873999
10.439907771
10.539529531
10.547024743
10.527351407
10.530870875
10.554903415
10.591011114
10.600067507
10.579096041
10.592909523
10.604453517
10.603805631
10.607740957
10.61268782
10.604187907
10.604856976
10.589522076
10.61152138
10.882072852
10.984069615
10.994121939
10.989833313
10.988727322
11.006578358
11.002556914
11.015344334
10.985147808
11.011497594
11.013898153
11.016335075
11.008482574
10.996554556
11.020962576
11.022101164
11.021066105
11.022241927
11.001327054
11.02442654
11.007194763
11.023438097
11.031415965
11.024676574
11.035880171
11.027150614
11.034132805
11.03285881
11.034602808
11.034541806
11.018863448
11.037846233
11.026616559
11.023833512
11.046852521
11.045917489
11.031413103
11.045055919
11.059967414
11.061646514
11.064377289
11.041735987
11.068327921
11.060368819
11.073770293
11.050479291
11.080578425
11.061398154
11.078450453
11.085935231
11.084734629
11.087761135
11.095033571
11.092015716
11.095053892
11.095316978
11.093044208
11.093037222
11.103099092
11.083987415
11.099510307
11.100687269
11.106342871
11.108678681
11.106199558
11.108340967
11.090170511
11.114809387
11.113697352
11.098092608
11.124080936
11.115180855
11.125182844
11.118761782
11.130429214
11.129911992
11.109511597
11.11594142
11.113064158
11.140373209
11.118258931
11.13887498
11.140106063
11.142426401
11.147107188
11.144010348
11.132244398
11.127954588
11.133918975
11.134921061
11.156910608
11.138717279
11.160004697
11.165016757
11.162358417
11.160242733
11.17080096
11.167719964
11.163916507
11.151999366
11.171299672
11.178985403
11.17503148
11.156840534
11.175774219
11.162899382
11.174143166
11.162602954
11.182907831
11.180404539
11.192694533
11.170452199
11.192138986
11.174719803
11.194926823
11.194124133
11.200343486
11.192150823
11.203176206
11.18021726
11.182107477
11.211060561
11.204280156
11.21155198
11.212361489
11.218156273
11.219526597
11.19845131
11.225336563
11.443315723
11.453542798
11.458586217
11.438434515
11.453380806
11.458518823
11.473402757
11.482280497
11.497511588
11.519412611
11.58581632
11.636758897
11.614003368
11.621223029
11.622131058
11.625818163
11.638340207
11.674094036
11.676253092
11.698303062
11.672227011
11.696296689
11.712712757
11.714951532
11.719571476
11.695147988
11.725893534
11.742989334
11.784436573
11.776402095
11.787376663
11.818545772
11.824268545
11.827765537
11.830334322
11.823616002
11.835180046
11.842067252
11.833261804
11.819091343
11.843807813
11.820976894
11.84812472
11.837536705
11.832395282
11.841997416
11.859740893
11.858784743
11.867813457
11.864055529
11.843649427
11.860202093
11.879953613
11.890140782
11.890580269
11.889892805
11.892478365
11.916311616
11.908883651
11.926176895
11.94144938
11.926849165
11.924734255
11.952313321
11.960267481
11.953239263
11.95803332
11.946081671
11.959277174
11.963987512
11.958630031
11.967357412
11.960734443
11.97352003
11.964847232
12.001286379
12.025210785
12.030216366
12.037552234
12.035628718
12.015264484
12.038435216
12.023006398
12.046954389
12.045853083
12.059203134
12.030936705
12.058137777
12.067516028
12.065363423
12.068734771
12.073077542
12.098439628
12.097159796
12.094547322
12.09845657
12.094706663
12.102725945
12.116170443
12.128360038
12.116574022
12.12995933
12.108112264
12.126504686
12.134724953
12.132850743
12.153465202
12.155414724
12.162274431
12.162293536
12.176942221
12.180074503
12.187068113
12.200334836
12.174449547
12.209977206
12.212173365
12.217892583
12.212287847
12.234706057
12.253217918
12.264789348
12.253488261
12.261138021
12.264410056
12.269405211
12.266773118
12.272644235
12.283495451
12.289653615
12.27109368
12.303077759
12.364414222
12.364413024
12.390815449
12.36728712
12.390436345
12.400365264
12.38289353
12.404373723
12.403001778
12.402993836
12.416810295
12.417431822
12.426750153
12.48373819
12.482987061
12.482503598
12.470231226
12.491674046
12.470607271
12.489382525
12.496044565
12.485022007
12.479023916
12.50371738
12.507250404
12.679498272
12.763628708
12.754289697
12.775529307
12.778141174
12.763497127
12.783682992
12.819348964
12.819016883
12.817671819
12.827482286
12.841890955
12.838984673
12.853630152
12.84603627
12.851885888
12.84498571
12.853235434
12.832183957
12.85044301
12.83660667
12.861602
12.856316809
12.868861823
12.87116239
12.876893974
12.872343509
12.899043506
12.899707548
12.914153356
12.921963292
12.898673264
12.918847655
12.919811611
12.931835869
12.93781782
12.937260791
12.92447761
12.950238691
12.95668962
12.967726156
12.96790608
12.980132046
12.964826138
13.202038462
13.204928851
13.212909085
13.205249823
13.223517748
13.233722607
13.251315062
13.247832201
13.255451332
13.268111229
13.269066058
13.274791363
13.267440187
13.272031859
13.257328498
13.279527874
13.284450266
13.285504808
13.294663553
13.310388037
13.306725708
13.313377986
13.309462222
13.311655261
13.314032907
13.318144165
13.296617886
13.297921804
13.318851188
13.32767881
13.324888592
13.3043694
13.331785286
13.329018232
13.32501091
13.346703163
13.358647473
13.360727044
13.360310866
13.378024357
13.351017839
13.377555595
13.370413454
13.385456012
13.357798049
13.38377236
13.386241017
13.379729895
13.36719731
13.369980426
13.370695208
13.398570017
13.397427479
13.398118699
13.387434001
13.409282574
13.41624392
13.425328956
13.420490483
13.428725282
13.438547095
13.436126799
13.486907344
13.487609209
13.488943545
13.493860294
13.502395341
13.499735574
13.581994616
13.578290428
13.645734321
13.633353772
13.657086593
13.663007054
13.639558013
13.664053203
13.646142681
13.671061725
13.694630002
13.700314705
13.680453953
13.676444509
13.706080271
13.7076413
13.700627118
13.714239109
13.688654515
13.691290235
13.72138567
13.724095259
13.721868851
13.726497338
13.721554709
13.727589478
13.756186907
13.759718527
13.756102501
13.741725062
13.767741824
13.774933015
13.807083644
13.785050305
13.784956956
13.80357878
13.815677097
13.800980371
13.815868403
13.833055165
13.830971314
13.822451555
13.819825987
13.855388523
13.853420718
13.875245598
13.852695168
13.889011638
13.882556479
13.873543485
13.895240471
13.922617268
13.896752898
13.940739294
13.94589937
13.951116488
13.926022334
13.947096423
14.067863728
14.076184834
14.082970154
14.071243087
14.086095086
14.101193809
14.093073072
14.100186011
14.091206647
14.099134957
14.10095007
14.103396306
14.107401597
14.119864053
14.114971309
14.119266209
14.139957644
14.150242845
14.14579877
14.156527791
14.13820718
14.164943988
14.165863241
14.176710626
14.182074501
14.185891659
14.19312429
14.173916902
14.245301466
14.256193398
14.255614
14.269033724
14.273637692
14.268291091
14.299275984
14.307773714
14.31502346
14.312659684
14.315787084
14.319388079
14.311913096
14.329872465
14.309684752
14.329403721
14.334186402
14.315120723
14.314910424
14.333325551
14.322989302
14.341050558
14.367782184
14.350463346
14.373292408
14.383103326
14.387589754
14.408749934
14.466520504
14.46989251
14.479705668
14.482422776
14.486961998
14.490634549
14.474225096
14.472541443
14.474238538
14.49368215
14.480125449
14.495288458
14.521676287
14.51622932
14.535119955
14.516571475
14.540377808
14.5365506
14.548341854
14.549206315
14.598843208
14.601913735
14.601158541
14.592530564
14.5937988
14.615439408
14.611530328
14.62878587
14.680760342
14.689644013
14.782633583
14.822591166
14.842920947
14.824251992
14.827504655
14.828719048
14.870027652
14.861056915
14.846013365
14.86852069
14.85059502
14.854222829
14.880763772
14.86999182
14.875885146
14.859352741
14.878398273
14.890428863
14.894456831
14.894521605
14.893729141
14.897458021
14.880037425
14.878536018
14.905931141
14.905619542
14.901311363
14.928318471
14.932964842
14.910193901
14.909320416
14.93518247
14.93677976
14.915033783
14.940656011
14.949427468
14.9584921
14.959699714
14.938616983
14.960481347
14.939683293
14.942740703
14.965784665
14.967106757
14.961161587
14.969194281
14.981017531
14.953040052
14.975614869
14.98099708
14.984199688
14.994463778
14.99948723
14.975771696
14.983107682
14.992868727
15.012352512
15.016539795
15.026900114
15.029761504
15.030010243
15.037752469
